Random waveform, random seed
Total number of intervals = 120 (18196, 35822, 61511, 61621, 10539, 74189, 84582, 36624, 101188, 43639, 87660, 11243, 41403, 101332, 44465, 109829, 59431, 57576, 73122, 106253, 25640, 96000, 101920, 68835, 85818, 27489, 91056, 67865, 55517, 9373, 17568, 94778, 39420, 56331, 36451, 36314, 38807, 43826, 84756, 25657, 65953, 51233, 35140, 52758, 52288, 29275, 68173, 98962, 20346, 56401, 57647, 12488, 79384, 45561, 51300, 9432, 51788, 20942, 96784, 60378, 26721, 93799, 72159, 98191, 76135, 38269, 33616, 54334, 85064, 62453, 34528, 52446, 61339, 9815, 94480, 71456, 43963, 83603, 77143, 66213, 11458, 93899, 80334, 40006, 35634, 61549, 67807, 33097, 43262, 63233, 17081, 98710, 84526, 52092, 101609, 82896, 64878, 45989, 104485, 16075, 82106, 11126, 75301, 97222, 69130, 107642, 54595, 61711, 56960, 10185, 13592, 41967, 28650, 68104, 92058, 104408, 92701, 96280, 83223, 87127)
Average QPS expected = 59235
Timestamp start: 1778408485571
Timestamp end: 1778410285882

#type       avg     std     min      p5     p10     p50     p67     p75     p80     p85     p90     p95     p99    p999   p9999      QPS   target
read      283.0    93.7    93.8   180.7   196.4   279.5   306.5   320.2   332.2   344.6   364.4   396.0   474.6   803.0  2961.5  18178.7    18196
read      287.8    86.9    93.8   176.2   189.9   286.8   322.1   339.4   351.2   365.5   383.2   410.1   479.8   679.1  2477.2  35818.3    35822
read      285.3    93.9    86.8   171.7   184.5   272.9   320.7   343.5   359.0   375.1   397.5   432.3   524.0   739.6  2421.2  61448.9    61511
read      281.0   100.2    86.8   171.3   184.2   271.2   317.7   338.9   352.8   367.7   386.5   413.0   479.8   665.8  3040.3  61629.8    61621
read      258.8    69.7   101.3   180.1   194.8   257.6   276.1   287.4   294.5   304.6   316.7   338.8   398.5   561.4  3015.1  10542.2    10539
read      277.9    90.6    93.8   170.0   182.8   265.3   312.1   335.6   350.8   367.2   387.1   415.4   481.6   659.4  2256.2  74290.3    74189
read      278.6    88.7    93.8   171.1   184.0   265.2   310.3   334.6   350.6   368.0   389.3   419.6   491.7   676.5  2026.9  84604.3    84582
read      281.5    87.1    93.8   176.1   190.0   283.3   315.6   330.8   340.5   352.0   366.7   390.0   443.2   586.1  2768.1  36686.0    36624
read      278.3    90.6    86.8   172.0   184.5   263.9   307.2   331.6   348.3   367.3   390.1   423.2   503.0   710.0  1932.6 101113.6   101188
read      281.7    82.3    93.8   174.2   187.4   281.4   318.4   335.2   345.7   359.0   372.7   397.6   458.4   632.9  2470.8  43667.1    43639
read      275.1    90.0    86.8   169.4   181.7   260.9   306.2   330.9   347.1   365.2   386.4   416.3   482.3   647.2  1818.6  87583.0    87660
read      255.9    82.6    93.8   179.0   193.4   255.1   273.3   283.9   290.9   298.3   311.5   329.9   380.4   569.0  3839.3  11233.7    11243
read      285.1    84.5    93.8   174.9   188.1   284.3   321.6   338.9   350.7   364.8   381.8   407.1   469.9   623.3  1992.2  41449.8    41403
read      277.6    89.4    86.8   171.7   184.2   263.1   306.2   330.7   347.3   366.5   389.3   422.2   501.9   720.3  2013.4 101196.7   101332
read      280.2    81.5    80.4   173.4   186.5   279.8   317.2   334.0   344.6   357.8   371.8   396.2   451.6   584.3  1998.4  44374.3    44465
read      280.1    99.1    86.8   171.8   184.6   265.1   307.6   331.8   348.5   368.0   392.0   427.9   528.4   777.1  3010.4 109681.9   109829
read      276.9    85.2    80.4   168.4   181.1   269.4   314.9   335.1   347.8   362.8   379.8   403.6   467.2   631.8  1918.6  59454.5    59431
read      277.5    91.7    86.8   168.6   181.4   270.2   315.1   335.1   347.6   362.5   379.1   403.1   466.2   643.0  3062.7  57717.1    57576
read      274.4    88.8    93.8   166.9   179.4   261.9   309.3   332.6   347.4   363.9   383.2   410.4   474.0   645.0  1952.4  73166.9    73122
read      277.0    95.8    86.8   170.5   183.1   262.0   304.7   329.1   345.8   365.2   388.2   422.3   507.8   758.6  2913.7 106224.7   106253
read      275.8    70.5    86.8   178.3   192.8   278.9   304.2   316.3   325.1   336.1   347.3   370.0   424.3   539.4  2328.4  25691.8    25640
read      276.8    91.5    86.8   170.0   182.6   262.4   306.5   331.1   347.6   366.3   388.5   420.7   500.7   709.5  2390.2  96062.9    96000
read      275.6    88.8    93.8   169.9   182.4   261.1   304.2   328.7   345.3   364.4   386.9   419.3   498.1   709.5  2093.3 101824.5   101920
read      275.8    94.0    86.8   167.8   180.4   264.4   311.7   334.3   348.5   364.6   383.3   409.0   470.3   637.7  2558.5  68947.1    68835
read      275.3    88.4    86.8   168.1   180.7   261.2   307.2   331.8   347.8   365.9   387.2   417.6   490.6   673.0  2023.7  85829.9    85818
read      277.5    75.5    93.8   178.0   192.4   280.3   306.8   319.0   328.7   339.1   352.0   372.6   430.5   600.3  2396.8  27483.2    27489
read      275.6    92.7    86.8   169.5   182.3   261.7   306.1   330.6   346.7   365.1   386.5   416.6   485.7   654.7  2197.9  90937.4    91056
read      277.0    91.2    93.8   168.9   182.0   265.9   312.4   334.5   348.5   364.4   383.1   409.1   470.5   653.4  3011.6  67853.7    67865
read      278.1    84.7    93.8   169.6   182.6   272.4   316.4   335.8   348.1   362.5   378.4   402.4   460.9   579.6  2017.3  55529.7    55517
read      251.3    73.2   109.4   177.4   191.6   249.5   268.0   277.3   285.3   293.3   305.6   324.0   380.7   578.8  2659.5   9391.3     9373
read      267.5    72.9    93.8   179.4   194.4   268.1   290.1   301.5   310.0   318.6   332.5   351.4   401.4   536.7  2815.6  17590.6    17568
read      283.5   113.7    86.8   170.0   182.8   264.5   310.4   336.0   353.9   373.6   399.1   440.8   579.7  1141.3  3304.0  94849.1    94778
read      279.6    81.3    93.8   174.6   188.3   281.1   314.9   330.5   340.5   352.1   366.7   389.3   436.6   554.6  2319.8  39451.2    39420
read      278.9    91.2    80.4   170.0   183.1   272.0   316.8   336.7   349.4   363.8   380.4   403.8   464.1   597.9  2318.3  56394.0    56331
read      280.0    75.6    86.8   175.5   189.3   282.1   313.9   328.8   338.8   349.7   365.2   388.2   440.6   570.9  2017.8  36509.7    36451
read      285.3    85.8    93.8   176.6   190.3   285.9   319.3   335.6   345.9   359.8   374.2   400.6   463.8   627.8  2832.5  36265.5    36314
read      288.4    90.0    93.8   175.8   189.3   287.3   324.1   341.6   354.1   368.1   386.5   414.2   484.7   670.1  2732.1  38885.9    38807
read      290.2   107.9    86.8   174.5   187.9   286.2   326.8   345.6   359.3   373.3   393.4   423.8   502.5   851.9  2940.8  43873.6    43826
read      288.1   119.9    93.8   172.4   185.1   269.2   316.8   342.4   360.3   380.0   404.2   449.3   581.8  1161.4  3603.7  84770.7    84756
read      278.2    81.5   101.3   180.0   194.6   280.6   306.3   318.2   327.5   337.9   349.9   371.6   429.8   591.1  2747.2  25643.1    25657
read      280.8    92.2    93.8   171.6   184.5   270.2   316.9   338.8   353.1   368.3   387.6   415.0   482.4   664.7  2686.2  65973.1    65953
read      283.2    85.9    86.8   174.2   187.5   279.1   321.2   339.6   351.9   365.5   381.9   404.3   467.5   630.6  2039.7  51167.9    51233
read      284.4    80.6    93.8   177.9   192.3   286.4   318.0   333.0   342.5   354.7   369.1   393.6   454.5   613.4  1992.7  35117.1    35140
read      283.0    94.7    93.8   173.3   186.4   277.5   320.5   339.4   352.0   365.9   382.9   406.7   472.0   665.4  2497.7  52867.3    52758
read      282.8    94.1    93.8   173.7   186.7   277.8   320.4   339.1   351.5   365.4   382.1   404.6   468.6   651.1  2484.4  52380.7    52288
read      286.1    83.6    93.8   180.3   195.1   287.1   315.8   330.2   339.8   351.1   367.1   393.8   470.3   765.4  2941.9  29267.3    29275
read      282.8    90.7    93.8   171.9   184.9   270.8   317.8   340.5   355.6   371.4   392.4   424.0   505.3   736.7  2173.7  68215.1    68173
read      287.5    99.6    93.8   175.4   189.0   271.6   315.7   340.6   358.2   377.7   401.9   440.5   545.9   813.3  2615.5  98913.5    98962
read      274.4    75.7    93.8   181.1   196.4   276.0   298.6   310.7   318.3   329.0   341.7   364.2   422.4   591.5  2961.0  20286.9    20346
read      281.7    87.0    93.8   172.3   185.3   275.1   319.5   339.0   351.9   366.1   383.4   406.8   470.8   653.5  2223.1  56368.5    56401
read      281.6    87.2    86.8   172.3   185.3   274.2   319.2   339.4   352.8   367.2   385.2   409.8   470.7   628.4  2026.2  57694.2    57647
read      262.3    79.8   101.3   180.5   195.8   261.6   281.1   291.4   298.0   308.4   318.9   340.8   400.2   621.5  2946.8  12464.0    12488
read      279.1    91.0    86.8   171.2   183.8   265.5   311.8   336.0   351.9   369.0   389.9   420.0   494.5   688.8  2150.1  79308.4    79384
read      282.9    83.6    86.8   174.7   188.3   281.6   320.2   337.4   348.4   361.7   375.4   399.8   458.3   613.6  2019.5  45663.9    45561
read      283.1    86.0    86.8   173.7   187.0   278.7   320.8   339.4   351.8   365.4   382.0   404.5   468.6   664.3  2120.8  51389.7    51300
read      254.7    77.5   101.3   178.3   192.8   253.2   271.6   282.0   289.3   296.7   310.6   330.8   390.3   614.2  3135.3   9476.3     9432
read      289.0    95.8    93.8   174.3   187.2   281.9   326.8   347.1   361.5   376.4   396.9   428.8   506.6   709.3  2712.1  51823.1    51788
read      272.7    71.1    93.8   180.9   195.9   274.6   296.8   309.0   316.7   326.5   339.5   360.7   413.3   584.0  2779.5  21027.7    20942
read      279.8    87.5    86.8   173.3   185.8   265.8   309.6   334.0   350.5   368.9   391.3   423.8   503.7   714.9  1635.4  96754.4    96784
read      280.4    89.3    86.8   172.0   184.8   271.9   317.6   338.1   351.4   366.0   383.9   408.4   469.6   633.3  2943.4  60372.5    60378
read      278.5    77.8   101.3   179.7   194.4   281.0   307.3   319.3   328.8   339.0   351.6   372.2   428.9   590.4  3019.4  26666.5    26721
read      278.3    90.3    86.8   171.8   184.3   264.1   308.2   332.7   349.1   367.5   389.5   421.2   498.2   704.7  2310.5  93804.7    93799
read      278.4    88.1    93.8   170.4   183.1   266.4   313.6   336.7   351.7   367.6   387.1   414.4   478.3   657.9  2252.0  72164.3    72159
read      279.5    93.1    80.4   172.7   185.2   265.1   308.8   333.2   349.7   368.4   391.0   423.7   503.5   719.2  2592.1  98278.0    98191
read      276.2   102.0    93.8   169.4   181.9   263.0   309.7   333.3   348.5   365.3   385.1   413.1   477.8   661.7  2597.4  76100.1    76135
read      282.3    78.9    93.8   176.7   190.8   284.0   316.9   332.0   341.7   353.4   367.8   391.1   443.8   617.0  2365.3  38198.6    38269
read      284.0    75.1    93.8   177.7   191.8   285.7   317.3   332.7   342.6   355.4   370.3   395.6   456.3   584.4  1764.7  33647.7    33616
read      287.8   102.9    93.8   173.4   185.9   278.8   324.9   346.2   361.2   377.0   398.0   430.7   507.0   711.1  3801.8  54381.9    54334
read      278.3    99.1    86.8   171.4   184.1   264.6   309.7   334.1   350.2   367.7   388.7   418.7   487.8   660.6  2395.7  84983.4    85064
read      281.0    98.5    86.8   171.9   184.7   271.4   317.9   339.3   353.2   368.0   386.6   412.4   471.5   651.9  2597.5  62449.8    62453
read      280.5    72.8    93.8   177.2   191.2   283.1   313.7   328.1   337.8   347.7   363.5   385.5   436.2   575.8  1783.8  34513.4    34528
read      280.1    86.0    86.8   172.5   185.4   275.3   317.7   336.6   348.6   362.8   378.5   402.1   460.7   584.8  2406.7  52508.7    52446
read      279.2    90.6    86.8   170.8   183.7   270.4   316.5   337.4   350.8   365.6   383.4   407.4   467.0   608.1  2630.1  61413.7    61339
read      253.4    69.1   109.4   178.4   193.0   251.8   270.0   279.9   287.5   295.1   307.9   326.2   387.4   590.8  3071.5   9799.3     9815
read      281.5    91.2    86.8   173.1   185.6   266.8   311.4   336.1   352.9   371.3   394.1   427.9   516.0   743.5  2298.8  94415.1    94480
read      278.3    92.7    86.8   170.3   182.9   265.9   313.1   336.2   351.1   367.3   387.0   415.0   479.8   677.8  2650.4  71486.5    71456
read      283.2    83.2   101.3   175.2   188.9   282.6   319.8   336.5   346.9   360.5   374.1   399.2   460.1   611.1  1936.9  43957.2    43963
read      276.5    91.8    80.4   169.8   182.1   262.1   308.3   332.8   348.8   366.5   387.5   417.6   489.8   689.3  2895.9  83653.3    83603
read      277.0    87.6    93.8   169.9   182.4   263.8   310.9   334.8   350.3   367.1   387.5   416.3   480.3   636.8  1979.8  77132.3    77143
read      280.4    98.1    86.8   171.6   184.2   269.1   316.2   338.2   352.5   367.8   386.7   413.5   478.5   692.4  3368.8  66288.3    66213
read      258.8    69.1   101.3   180.1   195.2   258.4   276.6   287.2   293.9   303.1   315.3   336.3   394.0   537.3  2715.1  11515.2    11458
read      279.1    98.1    86.8   172.3   184.7   264.0   308.3   332.9   349.4   368.0   390.3   422.8   504.8   771.8  2948.6  93849.9    93899
read      278.4    90.5    86.8   171.0   183.5   264.6   311.2   335.5   351.3   368.3   389.1   419.0   489.1   669.6  2294.1  80353.9    80334
read      283.2    88.1    93.8   176.3   190.3   284.3   318.8   334.6   344.5   357.3   371.0   395.2   450.2   585.8  2198.0  40085.1    40006
read      284.4    78.9    93.8   177.1   191.0   285.6   318.5   334.3   344.4   357.8   372.3   398.1   459.9   617.7  1974.3  35754.1    35634
read      287.4   105.1   101.3   172.3   184.7   274.7   323.7   346.8   363.0   380.7   402.3   437.2   525.3   719.3  3118.4  61601.7    61549
read      279.3    88.5    93.8   171.1   183.7   268.0   315.3   337.8   352.3   367.9   387.3   414.5   477.4   641.3  2082.2  67771.4    67807
read      283.0    78.2    86.8   178.6   193.1   285.3   315.1   329.6   339.1   349.8   365.2   388.4   446.0   606.8  2572.8  33039.5    33097
read      286.2    88.1   101.3   175.9   189.7   284.7   322.8   340.1   351.9   365.6   382.3   406.1   470.0   607.0  2845.4  43311.9    43262
read      284.4    95.5    93.8   171.9   184.6   272.7   320.9   343.4   358.8   374.5   395.9   428.2   507.2   709.3  2377.2  63271.4    63233
read      270.5    74.1    93.8   182.1   197.5   271.6   292.9   304.3   312.2   320.1   334.3   353.4   404.1   543.8  2316.1  17118.5    17081
read      279.4   102.6    86.8   171.8   184.5   264.2   307.9   332.4   349.1   368.1   391.2   425.3   512.5   779.5  2935.0  98721.8    98710
read      279.4    90.8    93.8   171.4   184.0   265.1   311.0   335.6   351.9   369.5   391.3   423.1   500.2   685.7  2542.8  84544.2    84526
read      283.9    92.7    93.8   173.7   186.8   277.1   320.4   340.2   353.6   368.1   387.2   415.7   485.6   639.4  2098.6  52046.3    52092
read      282.6    94.0    86.8   174.0   186.8   267.5   311.2   335.7   352.7   371.6   395.3   430.6   532.2   794.3  2095.3 101630.1   101609
read      279.1    91.2    93.8   171.1   183.6   264.8   311.0   335.5   351.7   369.1   390.6   422.0   500.1   727.3  2239.3  82869.9    82896
read      285.0    95.2   101.3   172.4   185.3   273.7   320.8   342.9   357.7   373.0   393.8   425.4   516.9   794.5  2401.7  64786.0    64878
read      284.1    83.8    86.8   174.6   188.2   282.1   320.9   338.4   349.8   363.5   379.0   403.2   469.5   677.7  2010.6  45938.5    45989
read      283.4    95.2    80.4   174.3   187.4   268.0   311.5   336.1   353.3   372.4   396.4   432.2   535.8   783.0  2475.2 104481.8   104485
read      268.2    66.2   101.3   181.1   196.7   268.7   289.9   300.8   309.4   318.1   331.8   351.3   406.8   559.2  2372.0  16057.3    16075
read      280.2    97.7    93.8   171.2   183.9   265.9   312.5   336.9   353.2   370.5   392.1   423.5   501.0   689.0  2895.6  82139.9    82106
read      259.9    86.7   109.4   180.7   196.0   258.8   277.8   288.5   295.2   305.1   316.6   337.9   394.6   560.4  3798.1  11147.1    11126
read      278.4    90.4    93.8   170.1   182.7   265.4   312.7   336.4   351.8   368.3   388.6   417.7   488.2   672.2  2245.1  75120.7    75301
read      277.5    91.6    93.8   171.1   183.7   262.8   306.6   331.1   347.6   366.6   389.1   421.9   503.8   723.7  2195.7  97152.7    97222
read      279.5    90.6    80.4   170.6   183.3   267.8   315.0   337.7   352.5   368.3   388.0   416.1   486.0   665.8  2380.4  69135.7    69130
read      285.5    97.0    93.8   175.5   188.8   270.6   313.5   337.8   354.9   373.8   397.9   433.7   538.5   807.2  2452.1 107822.1   107642
read      281.7    85.5    86.8   172.6   185.6   276.1   319.9   339.2   352.0   366.1   383.4   406.7   466.9   601.7  2156.6  54630.8    54595
read      280.9    94.1    93.8   171.6   184.5   271.9   318.0   338.9   352.6   367.3   385.5   410.8   471.6   673.6  2746.1  61582.6    61711
read      282.2    86.5    93.8   172.2   185.2   275.1   320.1   339.9   353.2   367.5   385.8   411.6   477.7   662.4  2092.7  56955.7    56960
read      259.6    79.0   101.3   180.8   195.9   258.1   276.6   287.6   294.4   304.2   316.3   338.4   400.4   590.5  3127.7  10206.2    10185
read      266.4    69.6   109.4   182.5   198.3   265.7   286.5   296.8   305.8   315.2   328.1   348.1   406.8   570.0  2420.2  13575.5    13592
read      287.6    88.9    93.8   175.9   189.4   286.1   323.7   341.1   353.5   367.4   385.6   413.2   484.1   671.8  2601.9  41963.3    41967
read      278.8    80.9   101.3   178.9   193.3   281.3   308.4   320.6   330.6   340.7   354.4   373.9   431.4   605.5  3044.1  28714.4    28650
read      280.1    98.9    93.8   171.2   183.8   268.4   315.7   338.2   352.9   368.6   388.4   416.7   482.9   683.3  2452.7  68204.3    68104
read      281.6    92.9    93.8   173.6   186.1   266.9   311.7   336.2   352.9   371.1   393.7   426.9   514.4   736.0  1994.0  92027.3    92058
read      285.6   104.2    86.8   175.1   188.2   269.6   313.4   338.1   355.4   374.2   398.4   434.6   546.5   876.3  3096.8 104384.9   104408
read      276.8    95.3    86.8   171.0   183.2   261.8   306.7   331.3   347.6   366.0   387.9   419.6   499.4   712.2  2331.1  92707.9    92701
read      280.1    96.4    86.8   173.5   185.7   265.5   309.7   334.2   350.9   369.4   391.8   424.4   505.2   755.1  1993.0  96276.7    96280
read      278.5    90.5    86.8   171.2   183.4   264.3   311.0   335.5   351.6   369.0   390.3   421.1   496.1   680.1  2230.9  83173.9    83223
read      279.4   103.7    86.8   172.6   184.9   264.9   310.4   334.9   351.2   368.8   390.2   421.1   496.5   708.6  2795.9  87097.2    87127

Total QPS = 59241.6 (106634824 / 1800.0s)

Total connections = 64
Misses = 0 (0.0%)
Skipped TXs = 0 (0.0%)

RX 26338800787 bytes :   14.0 MB/s
TX          0 bytes :    0.0 MB/s
Warning! Detected max cpu usage > 95%
CPU Usage Stats (avg/min/max): 100.00%,49.75%,100.00%
