Random waveform, random seed
Total number of intervals = 120 (30791, 31616, 50769, 7057, 41381, 44185, 23177, 65077, 28062, 60607, 88124, 40638, 59694, 78113, 99310, 95000, 96501, 30992, 56828, 106080, 52414, 39816, 101506, 30559, 20973, 88000, 47947, 40253, 94352, 29332, 88303, 107513, 93120, 107015, 17017, 64172, 51842, 85691, 91307, 94526, 109425, 87706, 52117, 97496, 50989, 42439, 80425, 10577, 80828, 52257, 41244, 50042, 82346, 48066, 43897, 11554, 12389, 87616, 105888, 81789, 37732, 34935, 73806, 54451, 44395, 93880, 69477, 73697, 16901, 5183, 47578, 45051, 85088, 39484, 79682, 17436, 76254, 33821, 29295, 95603, 49952, 44134, 13631, 62088, 102267, 16120, 105389, 98941, 78770, 109400, 101101, 54552, 73956, 64143, 94971, 30793, 79164, 27293, 41071, 93528, 34982, 20922, 65233, 39877, 70061, 17874, 85810, 104980, 41880, 30253, 20470, 39085, 104846, 100619, 46182, 104060, 12356, 66765, 50357, 26809)
Average QPS expected = 59893
Timestamp start: 1778343095017
Timestamp end: 1778344895336

#type       avg     std     min      p5     p10     p50     p67     p75     p80     p85     p90     p95     p99    p999   p9999      QPS   target
read      271.4   107.4    80.4   137.8   154.7   270.7   309.0   329.3   343.4   361.1   382.4   415.1   484.6   682.7  2712.0  30766.9    30791
read      268.5    92.8    80.4   135.9   152.6   268.3   307.0   327.1   341.4   358.8   379.7   413.1   479.7   591.6  1999.7  31639.5    31616
read      264.8   110.5    74.4   127.2   141.1   256.1   308.3   335.0   353.9   375.3   402.6   443.5   526.9   651.8  2492.2  50841.8    50769
read      247.6    81.1    86.8   165.0   180.7   241.3   265.1   278.0   288.4   299.6   316.2   342.5   402.6  1045.3  3014.7   7027.5     7057
read      260.3   101.5    74.4   128.2   142.5   258.0   299.9   321.2   337.6   356.6   381.0   419.1   497.4   622.0  2611.9  41401.7    41381
read      260.8   100.5    74.4   127.8   142.0   257.0   301.2   323.8   340.7   360.9   386.4   424.9   504.4   636.5  1975.4  44197.2    44185
read      262.9    87.3    80.4   141.9   161.1   261.4   293.1   310.7   322.6   338.6   358.9   390.6   458.9   584.6  2620.1  23156.9    23177
read      255.6   112.5    74.4   122.4   135.6   238.6   293.9   321.9   343.1   368.5   400.6   451.1   550.1   722.2  2485.0  65134.1    65077
read      262.3    88.0    80.4   137.3   154.5   261.4   295.5   314.1   327.7   343.7   365.5   397.7   465.8   584.5  2375.1  28039.4    28062
read      257.0   112.7    74.4   123.4   136.9   242.1   296.2   323.6   344.0   368.4   399.0   446.1   542.6   732.5  2691.6  60623.6    60607
read      265.3   148.4    74.4   123.6   137.1   231.8   290.5   323.4   349.3   383.2   431.2   511.5   735.4  1331.6  3217.0  88056.7    88124
read      266.1   100.7    74.4   131.5   146.6   263.2   307.4   330.2   345.7   365.4   389.6   425.4   500.5   631.1  2065.0  40641.4    40638
read      258.6   112.7    74.4   124.7   138.4   244.5   298.7   326.7   345.9   369.9   399.8   445.3   538.9   712.3  2550.1  59718.5    59694
read      253.3   120.5    74.4   122.2   135.1   229.6   286.6   316.9   339.3   366.7   402.6   460.9   584.5   839.7  3047.8  78165.2    78113
read      266.5   150.2    74.4   125.3   138.8   230.1   286.8   319.5   345.2   380.3   432.4   526.2   792.1  1369.6  2915.3  99289.0    99310
read      262.0   141.0    74.4   124.9   138.5   229.5   286.2   318.3   343.1   375.4   422.7   500.0   715.8  1279.5  3205.7  94946.7    95000
read      263.4   144.5    74.4   125.1   138.8   229.9   286.7   319.0   344.4   377.6   425.7   506.2   734.1  1245.9  3194.8  96451.2    96501
read      272.9    98.9    74.4   139.8   157.0   271.8   311.5   332.3   346.4   364.4   386.1   418.8   486.9   590.8  2176.8  31042.3    30992
read      263.3   120.6    74.4   126.4   140.1   248.9   305.1   333.5   353.7   377.0   406.0   450.5   538.3   717.2  3278.4  56898.5    56828
read      276.4   166.0    74.4   128.8   142.7   235.2   292.0   326.2   354.4   393.2   452.8   558.4   855.9  1602.6  3379.2 106146.8   106080
read      262.8   109.3    74.4   126.6   140.6   252.4   305.0   332.0   351.0   373.1   400.9   443.0   529.2   676.3  2156.3  52492.1    52414
read      269.3   108.9    74.4   132.7   148.5   265.3   310.7   334.2   350.6   370.0   394.6   430.3   503.1   635.7  3176.1  39914.7    39816
read      264.3   141.4    74.4   127.9   141.5   231.8   286.5   318.4   343.7   377.0   426.3   507.2   707.6  1165.1  3087.8 101530.8   101506
read      269.4    94.0    80.4   138.4   155.1   268.1   307.0   327.3   341.8   359.2   380.1   412.3   479.8   615.4  2358.9  30573.1    30559
read      268.9    89.8    74.4   147.5   167.2   267.4   300.1   317.4   330.5   344.9   365.2   395.4   460.1   580.1  3116.2  20926.8    20973
read      264.2   149.9    74.4   123.7   137.3   231.7   290.3   323.6   349.6   383.4   429.6   505.5   706.3  1215.5  3325.1  88031.8    88000
read      268.5   108.9    74.4   130.9   145.9   260.4   310.8   336.7   355.2   376.4   402.9   444.1   527.6   653.8  2149.9  48041.7    47947
read      267.6   104.5    74.4   131.7   147.2   263.6   309.0   332.4   348.5   368.3   392.9   429.3   504.3   630.8  2443.7  40189.8    40253
read      262.2   136.9    74.4   126.1   139.5   230.6   286.9   319.1   344.3   377.1   424.1   500.4   699.4  1086.9  2734.1  94348.9    94352
read      266.7    92.8    80.4   137.6   154.3   265.7   303.2   322.6   337.2   353.8   374.3   405.6   470.7   591.1  2831.4  29273.8    29332
read      260.0   136.4    74.4   123.3   136.6   228.6   286.5   319.1   344.1   376.4   422.1   496.2   685.0  1143.4  3292.7  88237.3    88303
read      275.8   179.4    74.4   125.3   139.2   230.7   286.7   320.1   348.5   389.9   454.5   577.7   947.9  1711.8  3436.0 107384.7   107513
read      260.2   144.9    74.4   122.5   135.7   226.8   283.0   314.8   339.8   372.8   422.8   506.3   741.6  1248.2  2713.3  93002.4    93120
read      277.3   187.7    74.4   126.1   140.0   231.9   287.8   321.3   349.6   390.1   453.2   572.1   950.3  1891.4  4456.1 106995.7   107015
read      258.7    87.0    74.4   150.6   170.6   255.6   284.7   300.5   312.6   326.3   344.2   372.8   435.2   569.1  3186.9  17007.6    17017
read      255.8   117.5    74.4   123.2   136.7   238.2   293.0   321.1   341.9   366.8   398.5   448.0   547.7   768.5  3345.9  64161.9    64172
read      260.0   104.9    74.4   126.9   140.9   250.0   300.3   326.4   344.9   367.3   395.1   435.6   521.4   647.4  1972.5  51793.6    51842
read      256.0   128.9    74.4   122.9   136.1   228.2   284.4   315.6   339.5   369.8   411.0   478.0   634.0   989.8  3042.7  85686.6    85691
read      258.1   133.8    74.4   123.3   136.8   227.7   283.7   315.6   340.3   371.9   416.9   491.0   679.9  1081.4  2606.1  91238.1    91307
read      262.4   147.5    74.4   123.5   137.1   228.3   284.7   317.1   342.8   376.7   426.5   508.6   740.7  1278.2  3544.2  94596.0    94526
read      286.8   193.4    74.4   129.4   143.9   237.5   294.7   331.1   361.9   404.5   473.0   605.0  1003.1  1942.6  3930.1 109494.7   109425
read      259.1   138.3    74.4   122.6   135.9   228.2   285.2   317.4   342.3   374.0   419.9   494.9   682.5  1129.2  3266.8  87717.1    87706
read      261.8   112.4    74.4   126.3   140.3   250.4   302.9   330.2   349.2   371.8   400.1   442.1   529.7   679.9  2446.0  52029.1    52117
read      274.8   213.7    74.4   124.4   138.2   230.5   288.0   321.5   349.0   386.1   440.4   540.8   904.1  2550.9  7284.1  97444.9    97496
read      262.1   112.7    74.4   126.5   140.6   252.0   304.2   330.8   349.3   371.3   399.0   439.2   523.4   658.2  2265.6  51005.3    50989
read      265.4   105.6    74.4   129.9   144.9   260.7   307.6   331.5   347.8   367.7   392.4   428.6   502.9   630.4  2716.8  42391.4    42439
read      253.6   121.7    74.4   121.8   135.0   228.4   285.6   316.8   340.1   368.6   405.4   465.1   587.6   878.3  2974.6  80313.8    80425
read      254.5    77.4    80.4   161.2   178.6   248.5   274.6   290.3   301.4   315.7   334.7   364.9   433.4   573.2  2996.2  10609.5    10577
read      249.5   113.7    74.4   121.7   134.6   226.2   281.6   311.3   333.2   360.2   396.3   454.5   573.1   783.4  2112.8  80899.8    80828
read      258.1   106.1    74.4   126.0   140.0   248.7   298.4   323.2   341.4   363.0   390.3   430.9   513.7   676.7  2295.0  52148.9    52257
read      259.6   104.2    80.4   129.7   144.4   256.2   298.6   320.2   336.3   354.7   377.9   415.2   492.0   609.8  2380.2  41193.0    41244
read      258.2   111.2    74.4   126.6   140.5   249.9   298.5   323.0   340.9   362.0   388.4   428.0   507.6   654.5  2409.1  49963.6    50042
read      251.5   118.8    74.4   121.7   134.6   226.2   282.5   313.1   336.0   364.5   402.2   464.2   594.0   855.3  2090.5  82468.3    82346
read      260.7   100.9    74.4   127.5   141.5   253.7   302.7   327.7   345.0   366.1   392.0   430.0   507.2   636.8  1707.1  48098.9    48066
read      261.4   106.4    74.4   128.5   143.1   255.8   302.3   325.8   342.6   362.8   387.7   424.9   500.6   634.4  2679.9  43998.9    43897
read      252.7    78.8    80.4   157.9   176.2   247.6   273.9   289.4   300.1   313.8   331.9   360.9   424.4   570.3  2479.5  11635.9    11554
read      255.8    81.7    86.8   158.1   176.5   250.8   278.0   293.3   304.9   318.1   337.1   366.3   428.9   573.0  2645.1  12409.0    12389
read      252.5   124.4    74.4   122.5   135.7   225.9   281.0   311.7   334.9   364.0   402.9   467.6   609.7   968.6  2812.2  87651.3    87616
read      260.2   147.4    74.4   124.8   138.5   226.0   279.8   311.7   336.7   369.8   420.9   510.7   727.4  1159.0  3406.6 105899.7   105888
read      252.8   116.6    74.4   122.5   135.8   227.5   284.4   315.7   339.0   367.6   404.1   463.7   585.3   839.1  2105.2  81760.9    81789
read      265.0    98.2    74.4   132.1   148.1   262.0   305.8   328.1   343.7   362.7   385.7   420.0   488.0   596.7  1993.4  37727.7    37732
read      265.5    99.8    74.4   133.8   150.0   263.5   305.0   326.3   341.4   359.6   381.6   414.8   481.3   585.1  2290.9  34867.7    34935
read      252.0   114.7    74.4   121.7   135.0   230.0   287.4   317.9   340.1   366.7   400.1   451.7   550.1   724.0  2568.6  73838.4    73806
read      259.1   108.0    74.4   125.3   139.4   247.1   300.7   328.1   346.7   369.5   397.2   436.4   517.2   659.4  2124.2  54327.9    54451
read      264.3   103.3    74.4   129.1   143.9   258.3   306.6   331.5   348.6   369.1   394.5   431.0   504.1   625.9  2319.7  44403.9    44395
read      259.6   142.6    74.4   122.1   135.4   225.6   283.3   316.3   341.7   374.5   423.2   503.6   715.2  1264.8  3257.3  93884.7    93880
read      256.0   120.7    74.4   122.5   135.9   234.8   292.7   323.1   345.4   372.2   405.9   457.7   556.1   752.3  3244.2  69381.6    69477
read      258.2   123.5    74.4   122.5   136.0   234.1   292.6   323.9   346.9   375.3   412.9   470.4   593.8   878.1  2719.6  73844.0    73697
read      264.2    83.0    80.4   155.0   174.8   261.4   291.3   307.9   319.1   334.2   352.3   381.2   440.8   549.3  2340.5  16933.9    16901
read      242.1   105.3    86.8   162.8   176.5   234.2   257.3   270.6   280.4   292.3   308.6   335.0   399.3  1224.3  3995.3   5172.4     5183
read      262.5   106.9    74.4   127.6   141.9   254.3   304.8   330.5   348.2   369.4   395.5   433.0   509.2   638.1  2599.2  47597.3    47578
read      263.4   101.8    74.4   129.1   143.8   256.9   305.7   330.4   347.3   368.0   393.4   430.3   504.6   636.2  1642.7  45073.1    45051
read      255.9   131.6    74.4   122.9   136.0   227.9   285.5   317.3   341.4   371.5   412.6   477.2   621.4   901.8  3200.1  84940.7    85088
read      266.0   105.3    74.4   131.4   146.9   261.1   306.8   330.4   346.5   366.5   390.8   426.6   501.6   641.3  3124.2  39503.2    39484
read      257.6   132.0    74.4   122.6   136.0   230.5   288.7   320.5   344.8   374.4   414.2   475.8   618.5   957.8  3151.8  79632.0    79682
read      261.5    79.0    74.4   150.7   170.3   259.2   289.9   306.5   317.8   332.6   350.1   379.1   437.8   557.1  1876.3  17471.3    17436
read      254.3   119.7    74.4   121.6   134.6   229.9   287.4   318.5   341.8   370.3   407.3   465.5   588.4   855.2  2374.2  76187.9    76254
read      268.2    95.2    74.4   135.8   152.2   265.8   307.5   329.0   343.8   362.3   384.8   418.3   487.6   615.0  2019.6  33791.1    33821
read      266.7   101.4    74.4   138.3   155.5   265.3   303.1   322.6   337.1   353.5   373.8   404.9   469.4   583.5  2855.0  29312.9    29295
read      262.2   149.5    74.4   122.5   135.9   226.2   283.6   316.6   342.5   377.1   429.2   517.5   750.7  1345.1  3401.4  95604.5    95603
read      262.7   109.6    74.4   126.6   140.8   253.1   304.6   331.1   349.5   371.5   399.1   439.8   525.5   674.9  2449.6  50037.3    49952
read      266.8   116.8    74.4   129.3   144.2   259.5   307.7   332.6   349.9   370.7   397.1   435.3   521.1   879.1  2741.4  44225.6    44134
read      259.4   114.6    80.4   156.8   176.2   254.3   282.4   297.3   309.4   321.7   340.2   368.7   432.7   845.0  5479.6  13624.5    13631
read      257.9   110.1    74.4   124.1   137.9   240.8   296.6   326.2   347.2   372.3   403.3   451.5   544.3   694.2  1936.3  61994.5    62088
read      272.4   156.9    74.4   127.0   140.8   233.7   290.1   324.2   352.3   390.2   446.2   543.5   824.0  1425.7  2957.0 102366.5   102267
read      259.7    75.3    74.4   153.0   172.9   256.9   286.4   302.3   314.1   328.2   345.4   373.4   433.6   562.1  2105.4  16105.5    16120
read      270.2   160.5    74.4   125.7   139.6   229.9   285.6   319.3   346.6   385.6   443.8   547.6   845.1  1428.7  3261.8 105456.5   105389
read      262.6   145.7    68.9   124.9   138.6   228.3   284.1   316.7   342.2   375.7   426.2   510.7   730.4  1232.8  3422.4  98937.5    98941
read      253.7   123.7    74.4   122.5   135.7   228.7   285.6   316.8   340.0   368.4   404.5   463.2   586.4   836.6  3077.6  78785.7    78770
read      279.1   185.0    74.4   128.2   142.2   233.6   289.7   324.1   352.7   392.5   453.8   570.7   956.2  1908.9  4442.2 109262.4   109400
read      264.3   154.9    74.4   123.9   137.6   226.5   282.4   315.4   341.5   376.1   429.3   524.5   807.9  1425.6  2881.4 101027.8   101101
read      260.6   107.0    74.4   126.2   140.3   248.0   302.4   330.3   349.6   372.1   400.1   441.3   525.2   660.1  1619.3  54578.4    54552
read      253.8   115.1    74.4   122.2   135.4   230.5   288.3   319.2   342.1   369.5   404.1   459.5   572.2   804.9  2274.1  74000.9    73956
read      257.5   119.2    74.4   123.4   137.0   238.2   294.9   324.5   345.7   371.3   403.4   453.9   553.3   840.2  2892.9  64103.9    64143
read      259.4   140.1    74.4   123.0   136.4   225.9   282.3   315.1   340.6   373.4   421.9   503.2   716.3  1192.4  2668.8  94943.6    94971
read      266.8    95.2    74.4   138.3   155.1   265.0   304.0   324.3   339.1   356.3   376.7   408.4   472.6   584.8  2360.5  30866.2    30793
read      254.7   122.1    74.4   123.4   136.8   229.5   286.6   318.0   341.4   369.9   407.0   465.6   587.4   799.2  3050.4  79136.6    79164
read      269.4    94.3    74.4   143.6   161.7   267.8   304.6   323.5   337.8   353.9   373.3   403.2   467.3   582.6  2414.6  27303.2    27293
read      269.2   100.3    74.4   134.5   150.5   264.2   309.9   333.7   350.1   369.7   394.5   430.9   505.3   642.3  2247.1  41080.6    41071
read      262.3   143.0    74.4   123.8   137.6   228.9   285.8   318.4   344.1   377.6   426.5   508.1   720.2  1214.9  2932.9  93652.5    93528
read      267.7   103.9    74.4   134.4   150.7   265.1   307.2   329.0   344.2   362.7   385.4   419.7   489.1   617.9  3075.5  34981.3    34982
read      265.6    87.1    80.4   147.1   166.4   263.6   296.1   314.0   326.5   341.4   361.6   391.6   455.0   580.8  2237.2  20966.9    20922
read      257.2   115.3    74.4   123.2   136.7   237.7   295.1   325.5   347.1   373.0   405.0   454.6   549.8   743.3  2503.1  65299.1    65233
read      265.9   100.3    74.4   131.7   147.4   261.5   306.8   330.2   346.1   366.1   390.4   426.2   500.0   634.3  2306.1  39846.1    39877
read      262.6   146.9    74.4   124.2   137.9   237.2   295.4   327.4   350.6   378.7   415.2   469.9   607.2  1413.6  4001.5  70045.7    70061
read      266.1    79.2    80.4   152.7   172.8   264.2   294.8   311.7   323.1   338.1   356.7   385.9   447.5   552.9  2011.6  17894.1    17874
read      253.2   126.4    74.4   122.2   135.3   225.6   282.7   314.7   338.8   368.6   408.3   471.0   607.1   875.5  2512.9  85747.7    85810
read      265.7   173.9    74.4   124.1   137.8   226.1   281.7   315.1   341.4   377.0   432.2   533.1   815.9  1550.9  3718.2 104947.3   104980
read      265.2   103.6    74.4   130.9   146.1   259.9   307.2   331.3   347.8   367.7   392.3   428.0   498.7   615.8  2428.1  41980.2    41880
read      269.8    92.0    80.4   139.5   156.7   268.0   307.6   328.2   342.6   360.1   381.2   413.2   481.3   628.5  1996.3  30196.2    30253
read      265.1    85.7    74.4   149.2   168.2   263.4   295.4   312.8   324.7   339.4   358.4   387.2   445.9   552.7  2693.2  20506.0    20470
read      269.5   127.3    74.4   133.1   149.3   263.7   309.4   332.8   348.8   368.2   392.4   428.2   504.5   886.2  5199.7  39060.1    39085
read      267.1   156.1    74.4   126.2   139.8   228.8   284.1   317.1   343.4   379.1   433.2   530.7   808.8  1473.8  3087.9 104731.4   104846
read      269.6   170.0    74.4   125.6   139.2   229.1   285.8   319.3   345.9   383.0   437.8   538.4   846.4  1653.5  4613.5 100578.3   100619
read      264.2   110.8    74.4   129.2   143.8   256.6   306.9   332.3   349.8   370.4   395.9   432.8   507.6   630.8  2624.7  46278.3    46182
read      270.6   177.0    74.4   125.3   139.0   228.2   283.5   316.8   343.3   379.4   434.1   537.0   927.2  1959.2  3424.4 104123.7   104060
read      263.0    81.5    80.4   161.8   181.0   259.0   286.8   302.2   313.6   327.2   344.7   372.4   435.9   619.9  2468.1  12380.1    12356
read      257.5   117.5    74.4   123.5   137.1   236.5   294.4   325.2   347.1   373.6   406.6   457.6   560.8   814.2  2545.8  66735.3    66765
read      260.9   109.0    74.4   126.3   140.6   251.4   302.8   329.0   347.1   368.8   395.7   434.7   514.2   657.4  2911.8  50383.5    50357
read      269.2    96.5    74.4   143.7   162.2   267.6   303.4   322.0   336.3   352.1   372.1   403.2   467.3   574.2  2559.7  26773.7    26809

Total QPS = 59893.2 (107807800 / 1800.0s)

Total connections = 64
Misses = 0 (0.0%)
Skipped TXs = 0 (0.0%)

RX 26628527341 bytes :   14.1 MB/s
TX          0 bytes :    0.0 MB/s
Warning! Detected max cpu usage > 95%
CPU Usage Stats (avg/min/max): 100.00%,50.00%,100.00%
