#type       avg     std     min      p5     p10     p50     p67     p75     p80     p85     p90     p95     p99    p999   p9999      QPS   target       ts_start         ts_end
read      242.2   114.4   101.3   149.0   160.0   223.0   256.8   277.5   293.9   315.0   343.9   391.1   497.8  1229.5  4291.5  29923.1    30000  1777495853497  1777495863643
read      234.6    93.8    93.8   147.8   158.2   217.7   250.1   270.2   286.0   305.7   332.6   373.5   466.1   650.8  3155.6  29917.7    30005  1777495865155  1777495875277
read      239.5   105.8    93.8   147.6   158.3   220.8   254.2   275.0   291.8   312.6   340.5   385.8   496.1  1044.0  3455.9  30022.4    30010  1777495876791  1777495886891
read      248.8   106.0    93.8   152.0   164.3   231.5   265.9   286.7   302.5   322.2   350.2   395.4   503.6   962.0  3719.0  29912.4    30015  1777495888403  1777495898506
read      246.3   114.0    93.8   150.5   162.1   227.0   262.1   283.6   300.1   321.4   352.1   399.5   509.2   881.5  3942.1  30147.6    30020  1777495900018  1777495910121
read      237.4   102.0    93.8   146.7   157.3   218.9   252.2   273.3   290.2   311.2   339.5   384.9   491.0   780.0  3307.0  30105.7    30025  1777495911635  1777495921737
read      243.1    98.7    93.8   149.4   160.9   224.8   258.7   279.9   296.1   317.7   346.5   393.5   503.6   834.2  3231.6  30015.7    30030  1777495923250  1777495933361
read      247.3   116.6   101.3   151.5   163.6   229.8   263.5   284.1   299.6   319.5   346.4   392.2   501.4  1042.4  4749.0  30003.5    30035  1777495934874  1777495944977
read      246.1   113.8   101.3   150.1   161.7   227.4   262.2   283.6   299.9   320.8   349.7   397.6   506.5   903.1  4794.5  30044.5    30040  1777495946490  1777495956597
read      244.6   100.6    93.8   151.4   163.2   227.2   260.4   280.9   296.5   317.1   344.6   390.2   497.2   868.4  3863.1  30148.8    30045  1777495958113  1777495968225
read      251.4   118.8   101.3   150.2   161.9   229.7   266.4   289.1   307.0   329.8   361.7   413.7   555.4  1203.5  4051.0  30024.8    30050  1777495969739  1777495979839
read      243.3   103.1    93.8   148.9   159.8   224.6   259.1   280.6   296.8   318.3   347.4   395.4   508.0   806.8  3550.5  29930.7    30055  1777495981351  1777495991452
read      257.2   104.5   101.3   155.0   168.4   239.8   275.0   296.6   313.8   335.2   364.0   410.9   526.0   852.1  3794.5  30025.4    30060  1777495992965  1777496003069
read      244.2   113.0    93.8   147.8   159.5   225.7   261.1   283.0   299.6   320.2   348.8   396.8   505.5   791.8  3978.9  30074.2    30065  1777496004586  1777496014685
read      247.2    98.6    86.8   147.3   161.0   231.0   266.5   287.7   303.7   323.3   350.5   395.5   503.1   720.1  3400.8  30086.6    30070  1777496016198  1777496026305
read      246.7   104.5    86.8   145.2   158.4   228.4   264.8   287.1   304.2   325.6   356.1   405.0   515.1   748.4  3383.5  30073.7    30075  1777496027819  1777496037919
read      257.7    96.2    93.8   155.7   169.9   240.9   276.5   298.5   316.1   337.7   366.4   413.0   510.8   690.5  2856.4  30075.8    30080  1777496039432  1777496049530
read      254.9    99.9    86.8   152.2   165.8   236.3   273.4   296.0   314.0   336.1   365.5   413.6   521.2   727.1  3157.2  30131.5    30085  1777496051043  1777496061145
read      255.7   115.2    93.8   152.9   166.5   236.9   272.8   294.7   312.4   334.4   364.4   413.7   524.2   902.0  4490.1  30043.9    30090  1777496062658  1777496072757
read      236.6   102.6    93.8   142.5   154.2   218.7   252.9   274.0   290.7   311.0   338.0   382.8   490.0   864.4  3265.6  30095.7    30095  1777496074271  1777496084372
read      250.2   107.8    93.8   148.1   160.8   230.6   267.8   290.6   308.4   330.2   360.7   412.6   533.5   862.0  3339.6  30091.1    30100  1777496085886  1777496095985
read      239.2    99.7    86.8   144.2   156.2   221.2   255.4   276.7   293.6   314.7   343.0   391.2   501.6   725.7  3230.5  30043.1    30105  1777496097497  1777496107599
read      255.5    94.6    93.8   160.2   173.1   239.3   273.3   294.0   310.1   329.6   356.0   398.5   501.2   716.4  2986.5  30113.6    30110  1777496109112  1777496119212
read      259.0   105.6    93.8   153.6   168.2   241.2   278.0   300.4   317.8   339.8   368.8   417.6   528.2   773.9  3210.9  30129.6    30115  1777496120725  1777496130827
read      256.1    98.9    93.8   154.5   168.3   237.8   273.8   296.1   313.8   335.7   365.1   413.9   521.1   759.7  3331.1  30087.1    30120  1777496132340  1777496142443
read      261.6   113.3    93.8   154.2   168.8   242.3   279.5   302.7   320.3   343.2   374.0   427.3   543.4   940.6  3292.9  30182.8    30125  1777496143955  1777496154062
read      255.2    95.7    93.8   152.1   166.2   237.5   274.0   296.0   313.5   335.4   364.9   412.3   520.4   783.3  2916.1  30075.5    30130  1777496155575  1777496165676
