#type       avg     std     min      p5     p10     p50     p67     p75     p80     p85     p90     p95     p99    p999   p9999     QPS   target
read      412.0   722.6    93.8   148.8   162.3   233.8   273.9   302.1   330.8   384.2   733.8  1384.5  2392.3  8033.1 10063.0   5002.2     5000
read      498.5   708.9    86.8   151.8   175.0   294.3   351.8   406.4   486.1   647.0  1323.3  1488.7  2497.6  8016.8 10387.1  10037.8    10000
read     3473.6  4523.2    86.8   198.2   259.8  1663.3  3419.6  3676.7  4109.8  6641.0  9367.9 13907.5 21133.1 31367.1 39614.5  14516.2    15000
read     1784.4  1875.6    86.8   178.9   232.7  1062.0  1926.6  3236.6  3499.0  3773.3  3990.8  4866.8  7969.2 11165.2 18967.0  20060.2    20000
read     2430.6  1627.8    86.8   343.1   555.3  2808.7  3236.3  3366.3  3447.6  3592.9  3885.7  4928.4  7914.6  9376.3 11062.3  24401.0    25000
read     3150.6  1550.1   118.1  1142.8  1236.4  3253.3  3468.2  3640.2  3760.3  4053.4  4746.1  6428.9  8016.4  9867.9 12896.4  22569.4    30000
read     3115.4  1563.0   137.8  1109.6  1203.0  3296.9  3472.4  3625.9  3734.6  3937.1  4356.2  6462.7  8028.9 10066.8 13397.7  22941.8    35000
read     3154.2  1569.3   173.5  1118.5  1211.4  3316.3  3492.4  3648.6  3746.2  3959.9  4432.7  6616.7  8041.2  9996.7 13679.7  22692.8    40000
read     3000.5  1559.3   109.4  1080.9  1160.7  3221.9  3408.5  3502.7  3639.3  3787.3  4262.9  5953.7  8025.6 10095.6 15387.0  23724.8    45000
read     3188.1  1609.2   187.4  1102.1  1191.9  3316.5  3531.2  3698.3  3841.0  4067.9  4626.0  6754.6  8054.9 10219.5 15245.1  22413.2    50000
read     3160.9  1627.5   202.4  1107.0  1191.1  3304.3  3493.9  3658.0  3760.5  4020.9  4546.3  6633.5  8082.0 12417.4 16122.9  22643.2    55000
read     3101.3  1610.6   202.4  1059.7  1150.0  3260.2  3468.9  3634.7  3750.5  4007.1  4490.2  6579.5  8043.6 10153.1 15666.0  23035.7    60000
read     3065.3  1582.8   148.8  1083.5  1177.0  3264.2  3448.8  3590.4  3710.6  3917.2  4346.8  6164.8  8038.8 11064.2 15419.6  23293.0    65000
read     3374.8  1649.5   218.6  1120.4  1227.8  3411.8  3677.7  3851.5  4004.5  4270.5  4997.8  7111.1  8111.8 11107.8 15547.5  21189.0    70000
read     3263.8  1629.7   127.6  1116.9  1213.0  3353.0  3591.0  3745.2  3913.2  4149.7  4786.7  6914.2  8075.1 10324.4 14966.0  21903.2    75000
read     3494.6  1717.1   297.4  1152.7  1263.2  3464.6  3745.1  3943.2  4081.1  4386.0  5363.1  7400.8  8272.6 12933.8 17454.5  20540.8    80000
Warning! Detected max cpu usage > 95%
CPU Usage Stats (avg/min/max): 67.04%,0.50%,100.00%
