#type       avg     std     min      p5     p10     p50     p67     p75     p80     p85     p90     p95     p99    p999   p9999     QPS   target
read      328.9   135.9   101.3   196.7   219.1   315.9   348.5   368.4   383.5   401.3   430.4   490.4   656.8  1679.9  3958.1   5010.0     5000
read      349.8   218.9    86.8   190.4   228.1   335.8   369.8   389.8   403.1   423.7   451.7   511.3   745.1  2000.9  9143.2   9970.5    10000
read      402.6   220.0    93.8   184.6   234.0   372.4   419.9   449.3   471.7   509.2   571.5   703.0  1080.9  2309.3  7603.6  14883.8    15000
read      383.6   150.6    80.4   168.7   208.3   372.5   421.5   449.9   470.7   501.2   545.1   629.4   820.4  1520.3  3193.1  19956.2    20000
read      405.1   205.7    86.8   167.8   205.4   382.2   440.0   473.8   503.3   542.7   603.4   718.1   967.0  2294.4  7110.8  25048.4    25000
read      443.6   266.4    80.4   170.0   211.3   402.2   470.7   517.7   556.1   611.1   698.2   818.8  1341.9  2813.6  7725.5  30072.8    30000
read      457.1   313.9    86.8   170.8   208.9   403.5   484.7   537.8   581.2   644.4   735.5   865.6  1421.0  4051.7  7894.3  34930.8    35000
read      654.5   585.6    86.8   196.3   249.1   503.1   660.1   777.6   871.5   999.5  1179.2  1552.3  2580.0  7814.6  9418.8  39947.0    40000
read     1677.4   979.6   137.8  1023.8  1095.7  1438.4  1640.4  1773.8  1891.9  2070.6  2369.3  2917.2  7670.9  9427.5 12671.8  41570.6    45000
read     1662.2   954.9   173.5  1060.2  1127.7  1440.9  1612.8  1721.6  1817.1  1958.5  2236.4  2816.1  7701.4  8343.0 10687.3  42234.6    50000
read     1645.3   963.8   202.4  1055.3  1122.2  1414.8  1589.1  1699.5  1793.8  1947.9  2257.4  2795.5  7700.9  9525.0 13992.0  42691.1    55000
read     1509.2   857.8   118.1  1029.0  1082.1  1315.7  1453.0  1543.5  1611.9  1720.8  1965.6  2513.2  7515.0  9032.6 12911.7  46060.1    60000
read     1658.8   973.8   255.0  1041.2  1111.5  1405.1  1587.2  1709.2  1828.0  2029.9  2386.8  2924.7  7671.5  9032.3 12611.4  42180.6    65000
read     1641.0   965.2   275.4  1018.9  1087.6  1407.2  1603.5  1731.0  1846.5  2008.3  2290.6  2794.9  7665.8  9504.1 14823.4  42679.2    70000
read     1603.3   924.5   187.4  1001.3  1075.3  1375.9  1564.2  1690.6  1799.9  1965.4  2238.7  2709.4  7638.8  8382.1 10200.2  43585.2    75000
read     1603.6   924.0   148.8  1015.0  1081.5  1385.7  1563.1  1676.2  1768.7  1911.6  2214.8  2724.3  7646.7  8138.3 10703.2  43651.4    80000
Warning! Detected max cpu usage > 95%
CPU Usage Stats (avg/min/max): 86.06%,30.30%,100.00%
